 -7.3575967e+003
 -7.3512764e+003
 -7.3486895e+003
 -7.3512344e+003
 -7.3556045e+003
 -7.3626436e+003
 -7.3653701e+003
 -7.3325713e+003
 -7.3375410e+003
 -7.3417261e+003
 -7.3522002e+003
 -7.3611187e+003
 -7.3641255e+003
 -7.3657915e+003
 -7.3713701e+003
 -7.3735215e+003
 -7.3725273e+003
 -7.3712480e+003
 -7.3789995e+003
 -7.3779316e+003
 -7.3670952e+003
 -7.3507729e+003
 -7.3430532e+003
 -7.3452046e+003
 -7.3458643e+003
 -7.3392139e+003
 -7.3432686e+003
 -7.4279844e+003
 -7.4349893e+003
 -7.4511982e+003
 -7.4753730e+003
 -7.4973481e+003
 -7.5100195e+003
 -7.5220391e+003
 -7.5351646e+003
 -7.5440718e+003
 -7.5507109e+003
 -7.5600010e+003
 -7.5673560e+003
 -7.5749712e+003
 -7.5805459e+003
 -7.5853101e+003
 -7.5928462e+003
 -7.5936475e+003
 -7.5887944e+003
 -7.5846577e+003
 -7.5815991e+003
 -7.5702979e+003
 -7.5500518e+003
 -7.5333999e+003
 -7.5283252e+003
 -7.5198999e+003
 -7.5043916e+003
 -7.4888306e+003
 -7.4902661e+003
 -7.4952324e+003
 -7.4901816e+003
 -7.4783662e+003
 -7.4720142e+003
 -7.4692886e+003
 -7.4623389e+003
 -7.4464209e+003
 -7.4347651e+003
 -7.4324048e+003
 -7.4316597e+003
 -7.4252769e+003
 -7.4202612e+003
 -7.4246611e+003
 -7.4329404e+003
 -7.4370884e+003
 -7.4412031e+003
 -7.4481187e+003
 -7.4566494e+003
 -7.4635088e+003
 -7.4680415e+003
 -7.4715259e+003
 -7.4777173e+003
 -7.4813271e+003
 -7.4777197e+003
 -7.4768687e+003
 -7.4808447e+003
 -7.4863418e+003
 -7.4843115e+003
 -7.4840918e+003
 -7.4917549e+003
 -7.4998262e+003
 -7.4962710e+003
 -7.4922231e+003
 -7.4962793e+003
 -7.5032905e+003
 -7.5038428e+003
 -7.4982075e+003
 -7.4967212e+003
 -7.5024346e+003
 -7.5051709e+003
 -7.4971733e+003
 -7.4828818e+003
 -7.4723516e+003
 -7.4657129e+003
 -7.4560298e+003
 -7.4396294e+003
 -7.4270024e+003
 -7.4245464e+003
 -7.4285586e+003
 -7.4312231e+003
 -7.4362417e+003
 -7.4451094e+003
 -7.4542788e+003
 -7.4627368e+003
 -7.4724136e+003
 -7.4837915e+003
 -7.5009575e+003
 -7.5198887e+003
 -7.5369165e+003
 -7.5486025e+003
 -7.5636147e+003
 -7.5769141e+003
 -7.5844673e+003
 -7.5857148e+003
 -7.5835317e+003
 -7.5769658e+003
 -7.5651484e+003
 -7.5556587e+003
 -7.5446035e+003
 -7.5290190e+003
 -7.5164961e+003
 -7.5052324e+003
 -7.4966865e+003
 -7.4935674e+003
 -7.4965371e+003
 -7.5020879e+003
 -7.5141479e+003
 -7.5282515e+003
 -7.5418613e+003
 -7.5555493e+003
 -7.5654019e+003
 -7.5718105e+003
 -7.5736655e+003
 -7.5719912e+003
 -7.5658857e+003
 -7.5534092e+003
 -7.5322241e+003
 -7.5102861e+003
 -7.4949619e+003
 -7.4779058e+003
 -7.4624946e+003
 -7.4548667e+003
 -7.4484873e+003
 -7.4447939e+003
 -7.4393340e+003
 -7.4253369e+003
 -7.4118672e+003
 -7.4057856e+003
 -7.4053672e+003
 -7.4101240e+003
 -7.4216899e+003
 -7.4378613e+003
 -7.4557476e+003
 -7.4767163e+003
 -7.4026846e+003
 -7.3965059e+003
 -7.3978701e+003
 -7.3991753e+003
 -7.4106133e+003
 -7.4307144e+003
 -7.4568027e+003
 -7.4883330e+003
 -7.5150234e+003
 -7.5259048e+003
 -7.5343149e+003
 -7.5412876e+003
 -7.5429009e+003
 -7.5374351e+003
 -7.5316025e+003
 -7.5264683e+003
 -7.5225059e+003
 -7.5176489e+003
 -7.5120835e+003
 -7.5097437e+003
 -7.5104160e+003
 -7.5035537e+003
 -7.4921084e+003
 -7.4842754e+003
 -7.4787915e+003
 -7.4757480e+003
 -7.4698042e+003
 -7.4650371e+003
 -7.4614067e+003
 -7.4596357e+003
 -7.4537383e+003
 -7.4515308e+003
 -7.4609209e+003
 -7.4819473e+003
 -7.5111343e+003
 -7.5484985e+003
 -7.5908560e+003
 -7.6326104e+003
 -7.6743145e+003
 -7.7118828e+003
 -7.7439644e+003
 -7.7624463e+003
 -7.7708638e+003
 -7.7725981e+003
 -7.7789277e+003
 -7.7887549e+003
 -7.7961670e+003
 -7.7984067e+003
 -7.7982729e+003
 -7.7951128e+003
 -7.7859966e+003
 -7.7803647e+003
 -7.7805210e+003
 -7.7923809e+003
 -7.8140728e+003
 -7.8423403e+003
 -7.8706372e+003
 -7.8981895e+003
 -7.9166680e+003
 -7.9248384e+003
 -7.9174087e+003
 -7.8924756e+003
 -7.8532588e+003
 -7.8062192e+003
 -7.7552954e+003
 -7.7067891e+003
 -7.6624702e+003
 -7.6200552e+003
 -7.5865762e+003
 -7.5595708e+003
 -7.5370659e+003
 -7.5235684e+003
 -7.5097969e+003
 -7.4990708e+003
 -7.4945938e+003
 -7.4954341e+003
 -7.4926309e+003
 -7.4858076e+003
 -7.4765796e+003
 -7.4646660e+003
 -7.4570571e+003
 -7.4481138e+003
 -7.4261772e+003
 -7.3975864e+003
 -7.3781416e+003
 -7.3675928e+003
 -7.3606284e+003
 -7.3559912e+003
 -7.3546289e+003
 -7.3603638e+003
 -7.3780234e+003
 -7.3957363e+003
 -7.4028472e+003
 -7.4123809e+003
 -7.4247056e+003
 -7.4300264e+003
 -7.4286191e+003
 -7.4256201e+003
 -7.4281567e+003
 -7.4345762e+003
 -7.4357954e+003
 -7.4337798e+003
 -7.4534077e+003
 -7.4729883e+003
 -7.4801582e+003
 -7.4791504e+003
 -7.4804980e+003
 -7.4901719e+003
 -7.4980796e+003
 -7.4947725e+003
 -7.4856519e+003
 -7.4938076e+003
 -7.5040640e+003
 -7.5071719e+003
 -7.5022378e+003
 -7.5106416e+003
 -7.5134927e+003
 -7.5024751e+003
 -7.4830513e+003
 -7.4723843e+003
 -7.4757329e+003
 -7.4838057e+003
 -7.4816729e+003
 -7.4855107e+003
 -7.5057886e+003
 -7.5313799e+003
 -7.5516201e+003
 -7.5701084e+003
 -7.5947241e+003
 -7.6159741e+003
 -7.6310239e+003
 -7.6365972e+003
 -7.6461235e+003
 -7.6558574e+003
 -7.6538843e+003
 -7.6416738e+003
 -7.6362051e+003
 -7.6306294e+003
 -7.6182974e+003
 -7.5980483e+003
 -7.5829150e+003
 -7.5785654e+003
 -7.5714722e+003
 -7.5511372e+003
 -7.5252363e+003
 -7.5193872e+003
 -7.5186792e+003
 -7.5112495e+003
 -7.4970723e+003
 -7.4864673e+003
 -7.4871548e+003
 -7.4862622e+003
 -7.4740254e+003
 -7.4596133e+003
 -7.4564224e+003
 -7.4462642e+003
 -7.4293481e+003
 -7.4116431e+003
 -7.4060674e+003
 -7.4125713e+003
 -7.4154258e+003
 -7.4097378e+003
 -7.4025278e+003
 -7.4137998e+003
 -7.4280903e+003
 -7.4320464e+003
 -7.4233584e+003
 -7.4181338e+003
 -7.4148130e+003
 -7.4117227e+003
 -7.4019819e+003
 -7.3917627e+003
 -7.3933682e+003
 -7.3958286e+003
 -7.3908057e+003
 -7.3804595e+003
 -7.3796133e+003
 -7.3857993e+003
 -7.3887197e+003
 -7.3754897e+003
 -7.3611729e+003
 -7.3610669e+003
 -7.3697549e+003
 -7.3782778e+003
 -7.3800825e+003
 -7.3851147e+003
 -7.3970210e+003
 -7.4171611e+003
 -7.4345190e+003
 -7.4464712e+003
 -7.4540776e+003
 -7.4653940e+003
 -7.4778047e+003
 -7.4884619e+003
 -7.5014175e+003
 -7.5185342e+003
 -7.5449087e+003
 -7.5796138e+003
 -7.6172461e+003
 -7.6526104e+003
 -7.6857559e+003
 -7.7186074e+003
 -7.7466802e+003
 -7.7663887e+003
 -7.7725674e+003
 -7.7693657e+003
 -7.7614224e+003
 -7.7528896e+003
 -7.7433560e+003
 -7.7297690e+003
 -7.7128970e+003
 -7.6922217e+003
 -7.6779443e+003
 -7.6643506e+003
 -7.6497720e+003
 -7.6342046e+003
 -7.6148833e+003
 -7.5985566e+003
 -7.5856543e+003
 -7.5733071e+003
 -7.5593804e+003
 -7.5485483e+003
 -7.5402261e+003
 -7.5331382e+003
 -7.5266284e+003
 -7.5220776e+003
 -7.5185859e+003
 -7.5159595e+003
 -7.5119517e+003
 -7.5084995e+003
 -7.5023208e+003
 -7.4902378e+003
 -7.4753071e+003
 -7.4600913e+003
 -7.4466094e+003
 -7.4321904e+003
 -7.4168667e+003
 -7.4035845e+003
 -7.3972529e+003
 -7.3989541e+003
 -7.4063521e+003
 -7.4072046e+003
 -7.4058931e+003
 -7.4126489e+003
 -7.4251919e+003
 -7.4342939e+003
 -7.4398384e+003
 -7.4449922e+003
 -7.4472861e+003
 -7.4500366e+003
 -7.4553174e+003
 -7.4505215e+003
 -7.4404331e+003
 -7.4268247e+003
 -7.4135435e+003
 -7.3918691e+003
 -7.3758340e+003
 -7.3580947e+003
 -7.3404741e+003
 -7.3238491e+003
 -7.3151499e+003
 -7.3189683e+003
 -7.3347046e+003
 -7.3619771e+003
 -7.3914224e+003
 -7.4182974e+003
 -7.4451094e+003
 -7.4752603e+003
 -7.5071421e+003
 -7.5316846e+003
 -7.5438354e+003
 -7.5510630e+003
 -7.5632808e+003
 -7.5801323e+003
 -7.5942300e+003
 -7.5971748e+003
 -7.5931372e+003
 -7.5832842e+003
 -7.5797300e+003
 -7.5729282e+003
 -7.5583882e+003
 -7.5447939e+003
 -7.5373774e+003
 -7.5285903e+003
 -7.5186968e+003
 -7.5062031e+003
 -7.4887666e+003
 -7.4760103e+003
 -7.4659688e+003
 -7.4550552e+003
 -7.4460405e+003
 -7.4378735e+003
 -7.4330464e+003
 -7.4281553e+003
 -7.4212188e+003
 -7.4085957e+003
 -7.3918975e+003
 -7.3796768e+003
 -7.3750249e+003
 -7.3716621e+003
 -7.3700850e+003
 -7.3747427e+003
 -7.3852451e+003
 -7.3957065e+003
 -7.3977241e+003
 -7.3946079e+003
 -7.3908408e+003
 -7.3866069e+003
 -7.3989624e+003
 -7.4168271e+003
 -7.4281880e+003
 -7.4251392e+003
 -7.4195703e+003
 -7.4296763e+003
 -7.4442183e+003
 -7.4443901e+003
 -7.4333169e+003
 -7.4321187e+003
 -7.4344971e+003
 -7.4317710e+003
 -7.4186270e+003
 -7.4062456e+003
 -7.4089121e+003
 -7.4152104e+003
 -7.4126191e+003
 -7.4116787e+003
 -7.4261094e+003
 -7.4440796e+003
 -7.4517852e+003
 -7.4487954e+003
 -7.4505894e+003
 -7.4629243e+003
 -7.4622329e+003
 -7.4424111e+003
 -7.4221650e+003
 -7.4187808e+003
 -7.4185605e+003
 -7.4082471e+003
 -7.3880420e+003
 -7.3836611e+003
 -7.3954385e+003
 -7.4032666e+003
 -7.4030293e+003
 -7.4056597e+003
 -7.4199512e+003
 -7.4289907e+003
 -7.4286792e+003
 -7.4274004e+003
 -7.4366558e+003
 -7.4469492e+003
 -7.4454653e+003
 -7.4387236e+003
 -7.4450503e+003
 -7.4532905e+003
 -7.4427725e+003
 -7.4254189e+003
 -7.4224365e+003
 -7.4362529e+003
 -7.4474648e+003
 -7.4441792e+003
 -7.4315532e+003
 -7.4363887e+003
 -7.4502305e+003
 -7.4487134e+003
 -7.4315688e+003
 -7.4228164e+003
 -7.4232031e+003
 -7.4233359e+003
 -7.4223618e+003
 -7.4225518e+003
 -7.4346772e+003
 -7.4518716e+003
 -7.4613179e+003
 -7.4673818e+003
 -7.4821851e+003
 -7.5018989e+003
 -7.5186616e+003
 -7.5280195e+003
 -7.5317695e+003
 -7.5340693e+003
 -7.5346230e+003
 -7.5343223e+003
 -7.5369663e+003
 -7.5399341e+003
 -7.5414492e+003
 -7.5390107e+003
 -7.5411265e+003
 -7.5498931e+003
 -7.5608501e+003
 -7.5598540e+003
 -7.5523403e+003
 -7.5473984e+003
 -7.5426523e+003
 -7.5379863e+003
 -7.5294399e+003
 -7.5226382e+003
 -7.5170933e+003
 -7.5104351e+003
 -7.5004443e+003
 -7.4995610e+003
 -7.4993413e+003
 -7.4981704e+003
 -7.4908052e+003
 -7.4879912e+003
 -7.4893711e+003
 -7.4876274e+003
 -7.4878999e+003
 -7.4897207e+003
 -7.4942563e+003
 -7.4985171e+003
 -7.4977378e+003
 -7.4905112e+003
 -7.4922769e+003
 -7.4960972e+003
 -7.4876846e+003
 -7.4711597e+003
 -7.4652017e+003
 -7.4741987e+003
 -7.4995352e+003
 -7.5365508e+003
 -7.5820186e+003
 -7.6361904e+003
 -7.6986885e+003
 -7.7625400e+003
 -7.8154629e+003
 -7.8464346e+003
 -7.8564316e+003
 -7.8506582e+003
 -7.8366353e+003
 -7.8175791e+003
 -7.7948120e+003
 -7.7703125e+003
 -7.7498101e+003
 -7.7369736e+003
 -7.7255635e+003
 -7.7136147e+003
 -7.7010864e+003
 -7.6909956e+003
 -7.6830107e+003
 -7.6746738e+003
 -7.6672402e+003
 -7.6590850e+003
 -7.6512314e+003
 -7.6437163e+003
 -7.6347666e+003
 -7.6256646e+003
 -7.6165552e+003
 -7.6021934e+003
 -7.5844707e+003
 -7.5699307e+003
 -7.5567803e+003
 -7.5431909e+003
 -7.5319111e+003
 -7.5232837e+003
 -7.5143345e+003
 -7.5083682e+003
 -7.5007192e+003
 -7.4927056e+003
 -7.4869468e+003
 -7.4836953e+003
 -7.4788394e+003
 -7.4737563e+003
 -7.4742202e+003
 -7.4789980e+003
 -7.4901997e+003
 -7.5022681e+003
 -7.5178750e+003
 -7.5288276e+003
 -7.5347500e+003
 -7.5369478e+003
 -7.5374087e+003
 -7.5335337e+003
 -7.5277739e+003
 -7.5185190e+003
 -7.5095806e+003
 -7.5019116e+003
 -7.4961123e+003
 -7.4942690e+003
 -7.4944634e+003
 -7.4955757e+003
 -7.4940024e+003
 -7.4895791e+003
 -7.4867012e+003
 -7.4859434e+003
 -7.4826187e+003
 -7.4753628e+003
 -7.4645869e+003
 -7.4581421e+003
 -7.4502700e+003
 -7.4435640e+003
 -7.4349258e+003
 -7.4277271e+003
 -7.4238125e+003
 -7.4200869e+003
 -7.4143198e+003
 -7.4059243e+003
 -7.4034209e+003
 -7.4064561e+003
 -7.4115840e+003
 -7.4139375e+003
 -7.4070933e+003
 -7.3933799e+003
 -7.3831396e+003
 -7.3769854e+003
 -7.3747275e+003
 -7.3763301e+003
 -7.3861343e+003
 -7.4065049e+003
 -7.4448818e+003
 -7.4916489e+003
 -7.5388735e+003
 -7.5889233e+003
 -7.6387061e+003
 -7.6849204e+003
 -7.7247085e+003
 -7.7571475e+003
 -7.7775894e+003
 -7.7963081e+003
 -7.8086377e+003
 -7.8080566e+003
 -7.7967949e+003
 -7.7843765e+003
 -7.7708984e+003
 -7.7630410e+003
 -7.7563428e+003
 -7.7559038e+003
 -7.7620010e+003
 -7.7814917e+003
 -7.8068486e+003
 -7.8347803e+003
 -7.8646001e+003
 -7.8932075e+003
 -7.9186650e+003
 -7.9367412e+003
 -7.9427847e+003
 -7.9378823e+003
 -7.9246113e+003
 -7.9047227e+003
 -7.8827388e+003
 -7.8533647e+003
 -7.8196494e+003
 -7.7889609e+003
 -7.7684526e+003
 -7.7547344e+003
 -7.7414341e+003
 -7.7346748e+003
 -7.7332217e+003
 -7.7362451e+003
 -7.7385107e+003
 -7.7295942e+003
 -7.7067778e+003
 -7.6812075e+003
 -7.6569209e+003
 -7.6281929e+003
 -7.5945435e+003
 -7.5618613e+003
 -7.5343838e+003
 -7.5123164e+003
 -7.4936973e+003
 -7.4740264e+003
 -7.4529751e+003
 -7.4322598e+003
 -7.4157344e+003
 -7.4041221e+003
 -7.3947612e+003
 -7.3873535e+003
 -7.3798110e+003
 -7.3713540e+003
 -7.3619922e+003
 -7.3491763e+003
 -7.3312554e+003
 -7.3124507e+003
 -7.2911328e+003
 -7.2684214e+003
 -7.2512236e+003
 -7.2353579e+003
 -7.2178022e+003
 -7.2043687e+003
 -7.1951987e+003
 -7.1859512e+003
 -7.1888721e+003
 -7.1990742e+003
 -7.2129126e+003
 -7.2357310e+003
 -7.2673423e+003
 -7.2995024e+003
 -7.3314746e+003
 -7.3581934e+003
 -7.3758022e+003
 -7.3866553e+003
 -7.3907139e+003
 -7.3866191e+003
 -7.3770059e+003
 -7.3684209e+003
 -7.3592417e+003
 -7.3510146e+003
 -7.3476030e+003
 -7.3524019e+003
 -7.3663325e+003
 -7.3850713e+003
 -7.3963423e+003
 -7.4027832e+003
 -7.4085464e+003
 -7.4149194e+003
 -7.4217266e+003
 -7.4219380e+003
 -7.4180181e+003
 -7.4212974e+003
 -7.4335620e+003
 -7.4459565e+003
 -7.4543423e+003
 -7.4557671e+003
 -7.4545195e+003
 -7.4519707e+003
 -7.4516919e+003
 -7.4461484e+003
 -7.4391904e+003
 -7.4373535e+003
 -7.4408057e+003
 -7.4478101e+003
 -7.4527822e+003
 -7.4610137e+003
 -7.4721714e+003
 -7.4834541e+003
 -7.4916348e+003
 -7.4964175e+003
 -7.5018550e+003
 -7.5117227e+003
 -7.5191226e+003
 -7.5212134e+003
 -7.5181865e+003
 -7.5166431e+003
 -7.5148086e+003
 -7.5138511e+003
 -7.5075991e+003
 -7.4967300e+003
 -7.4866484e+003
 -7.4774565e+003
 -7.4692319e+003
 -7.4615503e+003
 -7.4539629e+003
 -7.4492065e+003
 -7.4472046e+003
 -7.4426597e+003
 -7.4390752e+003
 -7.4318340e+003
 -7.4258438e+003
 -7.4230195e+003
 -7.4180220e+003
 -7.4088452e+003
 -7.3968931e+003
 -7.3880103e+003
 -7.3859995e+003
 -7.3894204e+003
 -7.3936978e+003
 -7.3939204e+003
 -7.3887007e+003
 -7.3916421e+003
 -7.4045884e+003
 -7.4202212e+003
 -7.4319639e+003
 -7.4397104e+003
 -7.4526299e+003
 -7.4708955e+003
 -7.4842515e+003
 -7.4887490e+003
 -7.4852358e+003
 -7.4744404e+003
 -7.4608618e+003
 -7.4449292e+003
 -7.4288003e+003
 -7.4147314e+003
 -7.3991499e+003
 -7.3841006e+003
 -7.3733950e+003
 -7.3724087e+003
 -7.3718164e+003
 -7.3659043e+003
 -7.3602803e+003
 -7.3659883e+003
 -7.3782876e+003
 -7.3876206e+003
 -7.3892007e+003
 -7.3925986e+003
 -7.4056709e+003
 -7.4145220e+003
 -7.4129375e+003
 -7.4088569e+003
 -7.4053589e+003
 -7.4097124e+003
 -7.4160195e+003
 -7.4145166e+003
 -7.4118008e+003
 -7.4096699e+003
 -7.4054243e+003
 -7.3988203e+003
 -7.3959258e+003
 -7.3963721e+003
 -7.3929946e+003
 -7.3919795e+003
 -7.4004390e+003
 -7.4149727e+003
 -7.4309087e+003
 -7.4435034e+003
 -7.4508687e+003
 -7.4582241e+003
 -7.4689814e+003
 -7.4768115e+003
 -7.4893799e+003
 -7.5057310e+003
 -7.5188354e+003
 -7.5281221e+003
 -7.5418716e+003
 -7.5584390e+003
 -7.5700869e+003
 -7.5742510e+003
 -7.5774614e+003
 -7.5825195e+003
 -7.5800151e+003
 -7.5703535e+003
 -7.5653804e+003
 -7.5745254e+003
 -7.5870903e+003
 -7.5905742e+003
 -7.5903184e+003
 -7.5961069e+003
 -7.6060957e+003
 -7.6148682e+003
 -7.6113921e+003
 -7.6041255e+003
 -7.6000562e+003
 -7.5939517e+003
 -7.5873242e+003
 -7.5886606e+003
 -7.5845957e+003
 -7.5730640e+003
 -7.5624575e+003
 -7.5568672e+003
 -7.5550347e+003
 -7.5480181e+003
 -7.5284136e+003
 -7.5043965e+003
 -7.4885483e+003
 -7.4664121e+003
 -7.4389058e+003
 -7.4130552e+003
 -7.3953989e+003
 -7.3810757e+003
 -7.3683433e+003
 -7.3582988e+003
 -7.3581953e+003
 -7.3567241e+003
 -7.3422388e+003
 -7.3220088e+003
 -7.4377666e+003
 -7.4547598e+003
 -7.4669253e+003
 -7.4755220e+003
 -7.4876113e+003
 -7.5045469e+003
 -7.5275376e+003
 -7.5534561e+003
 -7.5751582e+003
 -7.5905166e+003
 -7.5979888e+003
 -7.6033408e+003
 -7.6082905e+003
 -7.6120024e+003
 -7.6085703e+003
 -7.5988052e+003
 -7.5885322e+003
 -7.5796245e+003
 -7.5693589e+003
 -7.5527983e+003
 -7.5359521e+003
 -7.5256694e+003
 -7.5204692e+003
 -7.5110205e+003
 -7.4960005e+003
 -7.4801919e+003
 -7.4692568e+003
 -7.4617100e+003
 -7.4573828e+003
 -7.4602788e+003
 -7.4793398e+003
 -7.5161040e+003
 -7.5656465e+003
 -7.6154287e+003
 -7.6648784e+003
 -7.7074907e+003
 -7.7374897e+003
 -7.7608545e+003
 -7.7782563e+003
 -7.7883359e+003
 -7.7931494e+003
 -7.7939824e+003
 -7.7907432e+003
 -7.7863018e+003
 -7.7802573e+003
 -7.7706055e+003
 -7.7522266e+003
 -7.7304424e+003
 -7.7100186e+003
 -7.6849507e+003
 -7.6579180e+003
 -7.6361719e+003
 -7.6094116e+003
 -7.5778394e+003
 -7.5480181e+003
 -7.5232349e+003
 -7.5010029e+003
 -7.4778779e+003
 -7.4470015e+003
 -7.4109961e+003
 -7.3781348e+003
 -7.3565264e+003
 -7.3420225e+003
 -7.3275181e+003
 -7.3191553e+003
 -7.3223623e+003
 -7.3400220e+003
 -7.3554941e+003
 -7.3663384e+003
 -7.3646714e+003
 -7.3589116e+003
 -7.3619590e+003
 -7.3609629e+003
 -7.3518999e+003
 -7.3381680e+003
 -7.3306265e+003
 -7.3328135e+003
 -7.3395884e+003
 -7.3489238e+003
 -7.3523218e+003
 -7.3606938e+003
 -7.3698496e+003
 -7.3820293e+003
 -7.3917451e+003
 -7.4009829e+003
 -7.4124287e+003
 -7.4230078e+003
 -7.4279878e+003
 -7.4312168e+003
 -7.4335840e+003
 -7.4310557e+003
 -7.4284302e+003
 -7.4307319e+003
 -7.4338906e+003
 -7.4441909e+003
 -7.4582485e+003
 -7.4760005e+003
 -7.4991846e+003
 -7.5278740e+003
 -7.5487876e+003
 -7.5632358e+003
 -7.5773779e+003
 -7.5928818e+003
 -7.6094233e+003
 -7.6202515e+003
 -7.6243960e+003
 -7.6311958e+003
 -7.6392739e+003
 -7.6446440e+003
 -7.6471567e+003
 -7.6480791e+003
 -7.6534170e+003
 -7.6559053e+003
 -7.6554961e+003
 -7.6512041e+003
 -7.6450361e+003
 -7.6353003e+003
 -7.6221748e+003
 -7.6047720e+003
 -7.5827031e+003
 -7.5621621e+003
 -7.5433066e+003
 -7.5230566e+003
 -7.5074653e+003
 -7.4969063e+003
 -7.4874058e+003
 -7.4785576e+003
 -7.4732271e+003
 -7.4713306e+003
 -7.4658257e+003
 -7.4580063e+003
 -7.4497690e+003
 -7.4384248e+003
 -7.4184131e+003
 -7.3958193e+003
 -7.3702671e+003
 -7.3409653e+003
 -7.3123574e+003
 -7.2862769e+003
 -7.2579443e+003
 -7.2310718e+003
 -7.2193799e+003
 -7.2148926e+003
 -7.2214429e+003
 -7.2399390e+003
 -7.2619146e+003
 -7.2828311e+003
 -7.3033193e+003
 -7.3235854e+003
 -7.3379829e+003
 -7.3426572e+003
 -7.3390391e+003
 -7.3276494e+003
 -7.3140059e+003
 -7.3044106e+003
 -7.2994658e+003
 -7.3038188e+003
 -7.3150835e+003
 -7.3295220e+003
 -7.3443096e+003
 -7.3603794e+003
 -7.3745850e+003
 -7.3893159e+003
 -7.4013037e+003
 -7.4025337e+003
 -7.4020347e+003
 -7.4024102e+003
 -7.4069648e+003
 -7.4163545e+003
 -7.4258711e+003
 -7.4329331e+003
 -7.4419297e+003
 -7.4494966e+003
 -7.4572832e+003
 -7.4680625e+003
 -7.4725474e+003
 -7.4715376e+003
 -7.4799707e+003
 -7.4915396e+003
 -7.4999185e+003
 -7.5061426e+003
 -7.5038145e+003
 -7.5102803e+003
 -7.5171748e+003
 -7.5186479e+003
 -7.5160215e+003
 -7.5205977e+003
 -7.5338169e+003
 -7.5492207e+003
 -7.5562036e+003
 -7.5604775e+003
 -7.5715967e+003
 -7.5769502e+003
 -7.5826025e+003
 -7.5924336e+003
 -7.5936860e+003
 -7.5887007e+003
 -7.5761875e+003
 -7.5591270e+003
 -7.5529102e+003
 -7.5685728e+003
 -7.5785005e+003
 -7.5924487e+003
 -7.6166519e+003
 -7.6474785e+003
 -7.6761685e+003
 -7.6959570e+003
 -7.6963394e+003
 -7.6800566e+003
 -7.6521201e+003
 -7.6150229e+003
 -7.5690225e+003
 -7.5232871e+003
 -7.4908853e+003
 -7.4673711e+003
 -7.4479619e+003
 -7.4258242e+003
 -7.4109087e+003
 -7.4076934e+003
 -7.4031738e+003
 -7.3948115e+003
 -7.3800015e+003
 -7.3728413e+003
 -7.3742017e+003
 -7.3726812e+003
 -7.3649087e+003
 -7.3689473e+003
 -7.3798774e+003
 -7.3803027e+003
 -7.3697427e+003
 -7.3636509e+003
 -7.3668198e+003
 -7.3666953e+003
 -7.3619912e+003
 -7.3586597e+003
 -7.3778530e+003
 -7.4028608e+003
 -7.4122432e+003
 -7.4066079e+003
 -7.4178721e+003
 -7.4343511e+003
 -7.4410098e+003
 -7.4336025e+003
 -7.4356763e+003
 -7.4574185e+003
 -7.4803618e+003
 -7.4871997e+003
 -7.4871753e+003
 -7.5049023e+003
 -7.5258745e+003
 -7.5338398e+003
 -7.5381401e+003
 -7.5527817e+003
 -7.5653579e+003
 -7.5712534e+003
 -7.5665215e+003
 -7.5738867e+003
 -7.6014028e+003
 -7.6316021e+003
 -7.6436992e+003
 -7.6608735e+003
 -7.6943735e+003
 -7.7285894e+003
 -7.7462314e+003
 -7.7488799e+003
 -7.7441265e+003
 -7.7395708e+003
 -7.7286602e+003
 -7.6258530e+003
 -7.6231055e+003
 -7.6196704e+003
 -7.6152427e+003
 -7.6137344e+003
 -7.6162437e+003
 -7.6169668e+003
 -7.6150337e+003
 -7.6132085e+003
 -7.6070029e+003
 -7.6019438e+003
 -7.6055996e+003
 -7.6076499e+003
 -7.6072295e+003
 -7.6032222e+003
 -7.5939912e+003
 -7.5838574e+003
 -7.5731494e+003
 -7.5558633e+003
 -7.5356914e+003
 -7.5201543e+003
 -7.5094419e+003
 -7.5044331e+003
 -7.5035020e+003
 -7.5024106e+003
 -7.5000244e+003
 -7.4987207e+003
 -7.4924673e+003
 -7.4821733e+003
 -7.4709878e+003
 -7.4527729e+003
 -7.4287236e+003
 -7.4093340e+003
 -7.3950303e+003
 -7.3840703e+003
 -7.3783037e+003
 -7.3733271e+003
 -7.3709766e+003
 -7.3727920e+003
 -7.3688750e+003
 -7.3576890e+003
 -7.3468774e+003
 -7.3405894e+003
 -7.3359839e+003
 -7.3275879e+003
 -7.3177554e+003
 -7.3167314e+003
 -7.3286123e+003
 -7.3484048e+003
 -7.3663589e+003
 -7.3753408e+003
 -7.3853188e+003
 -7.3956040e+003
 -7.4026006e+003
 -7.4081528e+003
 -7.4080112e+003
 -7.4041650e+003
 -7.4059795e+003
 -7.4128394e+003
 -7.4255435e+003
 -7.4535630e+003
 -7.4884590e+003
 -7.5245103e+003
 -7.5659883e+003
 -7.6052876e+003
 -7.6443457e+003
 -7.6802700e+003
 -7.7051025e+003
 -7.7160596e+003
 -7.7189092e+003
 -7.7172612e+003
 -7.7126201e+003
 -7.7042017e+003
 -7.6873154e+003
 -7.6660303e+003
 -7.6491934e+003
 -7.6310820e+003
 -7.6113359e+003
 -7.5921411e+003
 -7.5710254e+003
 -7.5541738e+003
 -7.5449976e+003
 -7.5357749e+003
 -7.5248032e+003
 -7.5180229e+003
 -7.5106011e+003
 -7.5041362e+003
 -7.4972451e+003
 -7.4904600e+003
 -7.4833398e+003
 -7.4791934e+003
 -7.4722036e+003
 -7.4623364e+003
 -7.4533740e+003
 -7.4458906e+003
 -7.4377148e+003
 -7.4303037e+003
 -7.4224341e+003
 -7.4155757e+003
 -7.4128394e+003
 -7.4117046e+003
 -7.4059736e+003
 -7.3982881e+003
 -7.3901211e+003
 -7.3829648e+003
 -7.3735176e+003
 -7.3621274e+003
 -7.3464854e+003
 -7.3295557e+003
 -7.3180986e+003
 -7.3158086e+003
 -7.3188374e+003
 -7.3228428e+003
 -7.3347163e+003
 -7.3559380e+003
 -7.3861870e+003
 -7.4232246e+003
 -7.4553174e+003
 -7.4807744e+003
 -7.5048140e+003
 -7.5229868e+003
 -7.5377998e+003
 -7.5494219e+003
 -7.5583057e+003
 -7.5657734e+003
 -7.5714048e+003
 -7.5747651e+003
 -7.5773667e+003
 -7.5770225e+003
 -7.5672510e+003
 -7.5540747e+003
 -7.5381284e+003
 -7.5226958e+003
 -7.5059897e+003
 -7.4891880e+003
 -7.4729434e+003
 -7.4638022e+003
 -7.4634556e+003
 -7.4638809e+003
 -7.4604541e+003
 -7.4590259e+003
 -7.4616943e+003
 -7.4724370e+003
 -7.4911733e+003
 -7.5102573e+003
 -7.5282432e+003
 -7.5485503e+003
 -7.5680049e+003
 -7.5846812e+003
 -7.5937451e+003
 -7.5967495e+003
 -7.5954517e+003
 -7.5896138e+003
 -7.5786069e+003
 -7.5709414e+003
 -7.5684233e+003
 -7.5666406e+003
 -7.5618516e+003
 -7.5548979e+003
 -7.5487729e+003
 -7.5452710e+003
 -7.5415024e+003
 -7.5314258e+003
 -7.5229253e+003
 -7.5152515e+003
 -7.5050698e+003
 -7.4928789e+003
 -7.4793457e+003
 -7.4668145e+003
 -7.4573745e+003
 -7.4486968e+003
 -7.4366680e+003
 -7.4296924e+003
 -7.4256055e+003
 -7.4240610e+003
 -7.4249321e+003
 -7.4264722e+003
 -7.4248589e+003
 -7.4225039e+003
 -7.4184458e+003
 -7.4145225e+003
 -7.4074126e+003
 -7.4012441e+003
 -7.3916704e+003
 -7.3789741e+003
 -7.3646899e+003
 -7.3503804e+003
 -7.3358931e+003
 -7.3285771e+003
 -7.3230820e+003
 -7.3226924e+003
 -7.3279673e+003
 -7.3359966e+003
 -7.3447876e+003
 -7.3519644e+003
 -7.3585674e+003
 -7.3629771e+003
 -7.4533008e+003
 -7.4571357e+003
 -7.4502773e+003
 -7.4357163e+003
 -7.4193794e+003
 -7.4066108e+003
 -7.3959253e+003
 -7.3841113e+003
 -7.3797124e+003
 -7.3912173e+003
 -7.4142598e+003
 -7.4380625e+003
 -7.4614932e+003
 -7.4845962e+003
 -7.5014819e+003
 -7.5140825e+003
 -7.5198745e+003
 -7.5315674e+003
 -7.5408496e+003
 -7.5411128e+003
 -7.5331802e+003
 -7.5313623e+003
 -7.5389976e+003
 -7.5465293e+003
 -7.5484897e+003
 -7.5477109e+003
 -7.5638389e+003
 -7.5841675e+003
 -7.5978276e+003
 -7.6011841e+003
 -7.6055366e+003
 -7.6131016e+003
 -7.6184038e+003
 -7.6200869e+003
 -7.6201040e+003
 -7.6255767e+003
 -7.6330830e+003
 -7.6383408e+003
 -7.6409990e+003
 -7.6443691e+003
 -7.6435752e+003
 -7.6402227e+003
 -7.6375742e+003
 -7.6440928e+003
 -7.6587046e+003
 -7.6775713e+003
 -7.6983120e+003
 -7.7169136e+003
 -7.7346299e+003
 -7.7483750e+003
 -7.7579771e+003
 -7.7600679e+003
 -7.7576040e+003
 -7.7448584e+003
 -7.7296138e+003
 -7.7172251e+003
 -7.7050962e+003
 -7.6892920e+003
 -7.6712144e+003
 -7.6526157e+003
 -7.6386680e+003
 -7.6230615e+003
 -7.6031909e+003
 -7.5842085e+003
 -7.5758784e+003
 -7.5670884e+003
 -7.5516084e+003
 -7.5356514e+003
 -7.5276855e+003
 -7.5177505e+003
 -7.5018008e+003
 -7.4815747e+003
 -7.4687441e+003
 -7.4636353e+003
 -7.4515381e+003
 -7.4323823e+003
 -7.4183677e+003
 -7.4148882e+003
 -7.4034644e+003
 -7.3814385e+003
 -7.3558569e+003
 -7.3422061e+003
 -7.3334331e+003
 -7.3274351e+003
 -7.3311572e+003
 -7.3497632e+003
 -7.3747476e+003
 -7.3974541e+003
 -7.4201538e+003
 -7.4514390e+003
 -7.4817642e+003
 -7.4996602e+003
 -7.5062114e+003
 -7.5167710e+003
 -7.5320122e+003
 -7.5465723e+003
 -7.5494287e+003
 -7.5513184e+003
 -7.5636499e+003
 -7.5765132e+003
 -7.5848706e+003
 -7.5835732e+003
 -7.5780122e+003
 -7.5756987e+003
 -7.5791328e+003
 -7.5802314e+003
 -7.5745283e+003
 -7.5698696e+003
 -7.5735322e+003
 -7.5845537e+003
 -7.5995615e+003
 -7.6158379e+003
 -7.6273110e+003
 -7.6383057e+003
 -7.6537349e+003
 -7.6666338e+003
 -7.6792637e+003
 -7.6895278e+003
 -7.6953218e+003
 -7.7000688e+003
 -7.7091074e+003
 -7.7165659e+003
 -7.7203130e+003
 -7.7233813e+003
 -7.7260576e+003
 -7.7251221e+003
 -7.7185356e+003
 -7.7067759e+003
 -7.6886421e+003
 -7.6724336e+003
 -7.6545752e+003
 -7.6338672e+003
 -7.6104766e+003
 -7.5850518e+003
 -7.5597002e+003
 -7.5379331e+003
 -7.5198462e+003
 -7.5021978e+003
 -7.4863501e+003
 -7.4731675e+003
 -7.4621484e+003
 -7.4565483e+003
 -7.4561392e+003
 -7.4553164e+003
 -7.4472861e+003
 -7.4337002e+003
 -7.4227485e+003
 -7.4136260e+003
 -7.4061929e+003
 -7.3957681e+003
 -7.3870796e+003
 -7.3828369e+003
 -7.3855601e+003
 -7.3891343e+003
 -7.3944995e+003
 -7.4010503e+003
 -7.4084907e+003
 -7.4139946e+003
 -7.4165073e+003
 -7.4194341e+003
 -7.4283833e+003
 -7.4391602e+003
 -7.4473960e+003
 -7.4572681e+003
 -7.4696411e+003
 -7.4788564e+003
 -7.4856577e+003
 -7.4885259e+003
 -7.4870190e+003
 -7.4851987e+003
 -7.4828447e+003
 -7.4763501e+003
 -7.4700840e+003
 -7.4705767e+003
 -7.4689634e+003
 -7.4683442e+003
 -7.4709136e+003
 -7.4709282e+003
 -7.4733843e+003
 -7.4816113e+003
 -7.4903662e+003
 -7.4984023e+003
 -7.5043257e+003
 -7.5074697e+003
 -7.5126934e+003
 -7.5198394e+003
 -7.5262441e+003
 -7.5375981e+003
 -7.5559287e+003
 -7.5846055e+003
 -7.6249570e+003
 -7.6680835e+003
 -7.7070449e+003
 -7.7433843e+003
 -7.7739111e+003
 -7.7923960e+003
 -7.7992192e+003
 -7.7956743e+003
 -7.7859272e+003
 -7.7725103e+003
 -7.7585059e+003
 -7.7381064e+003
 -7.7147153e+003
 -7.6936895e+003
 -7.6736729e+003
 -7.6484248e+003
 -7.6184385e+003
 -7.5905488e+003
 -7.5665552e+003
 -7.5477080e+003
 -7.5278384e+003
 -7.5042715e+003
 -7.4811401e+003
 -7.4632866e+003
 -7.4532905e+003
 -7.4454141e+003
 -7.4342881e+003
 -7.4270430e+003
 -7.4259902e+003
 -7.4316582e+003
 -7.4375527e+003
 -7.4384531e+003
 -7.4393247e+003
 -7.4392305e+003
 -7.4311792e+003
 -7.4163721e+003
 -7.4052705e+003
 -7.4072734e+003
 -7.4082271e+003
 -7.4001738e+003
 -7.3909888e+003
 -7.3962422e+003
 -7.4067158e+003
 -7.4150742e+003
 -7.4171240e+003
 -7.4129883e+003
 -7.4086880e+003
 -7.4115698e+003
 -7.4093638e+003
 -7.4040474e+003
 -7.4012695e+003
 -7.3940444e+003
 -7.3799976e+003
 -7.3696475e+003
 -7.3650908e+003
 -7.3576611e+003
 -7.3470728e+003
 -7.3352417e+003
 -7.3274009e+003
 -7.3198960e+003
 -7.3084683e+003
 -7.2972222e+003
 -7.2891191e+003
 -7.2894063e+003
 -7.2939438e+003
 -7.2964146e+003
 -7.2999077e+003
 -7.3201753e+003
 -7.3447368e+003
 -7.3574346e+003
 -7.3657178e+003
 -7.3802646e+003
 -7.4052168e+003
 -7.4210933e+003
 -7.4181089e+003
 -7.4150283e+003
 -7.4366895e+003
 -7.4683003e+003
 -7.4892808e+003
 -7.4966216e+003
 -7.5185239e+003
 -7.5531636e+003
 -7.5830195e+003
 -7.5970142e+003
 -7.6025435e+003
 -7.6085835e+003
 -7.6063052e+003
 -7.5938423e+003
 -7.5746421e+003
 -7.5633486e+003
 -7.5516372e+003
 -7.5326953e+003
 -7.5139404e+003
 -7.5111411e+003
 -7.5113477e+003
 -7.5022207e+003
 -7.4875171e+003
 -7.4804194e+003
 -7.4848687e+003
 -7.4832056e+003
 -7.4721982e+003
 -7.4642412e+003
 -7.4665991e+003
 -7.4672451e+003
 -7.4582734e+003
 -7.4439263e+003
 -7.4379507e+003
 -7.4308477e+003
 -7.4176831e+003
 -7.4017124e+003
 -7.3989185e+003
 -7.4109316e+003
 -7.4233735e+003
 -7.4230610e+003
 -7.4257051e+003
 -7.4384116e+003
 -7.4507744e+003
 -7.4601641e+003
 -7.4655415e+003
 -7.4746665e+003
 -7.4935986e+003
 -7.5080498e+003
 -7.5086880e+003
 -7.5069741e+003
 -7.5099199e+003
 -7.5144390e+003
 -7.5174453e+003
 -7.5208809e+003
 -7.5738711e+003
 -7.5610542e+003
 -7.5536045e+003
 -7.5477173e+003
 -7.5411416e+003
 -7.5321128e+003
 -7.5256079e+003
 -7.5226279e+003
 -7.5191680e+003
 -7.5057451e+003
 -7.4882813e+003
 -7.4706826e+003
 -7.4577949e+003
 -7.4469385e+003
 -7.4368696e+003
 -7.4285698e+003
 -7.4311782e+003
 -7.4386563e+003
 -7.4490527e+003
 -7.4577603e+003
 -7.4636055e+003
 -7.4678022e+003
 -7.4753057e+003
 -7.4839341e+003
 -7.4949219e+003
 -7.5106304e+003
 -7.5271543e+003
 -7.5427158e+003
 -7.5538359e+003
 -7.5583398e+003
 -7.5586685e+003
 -7.5592500e+003
 -7.5576812e+003
 -7.5546470e+003
 -7.5514321e+003
 -7.5508486e+003
 -7.5558672e+003
 -7.5650811e+003
 -7.5774268e+003
 -7.5895073e+003
 -7.6018677e+003
 -7.6108628e+003
 -7.6163887e+003
 -7.6194727e+003
 -7.6197227e+003
 -7.6148647e+003
 -7.6026436e+003
 -7.5842725e+003
 -7.5619272e+003
 -7.5408618e+003
 -7.5217793e+003
 -7.5054717e+003
 -7.4944590e+003
 -7.4951577e+003
 -7.4970400e+003
 -7.4975962e+003
 -7.4969399e+003
 -7.5062622e+003
 -7.5253857e+003
 -7.5358711e+003
 -7.5269673e+003
 -7.5134229e+003
 -7.5081377e+003
 -7.5123164e+003
 -7.5101587e+003
 -7.4934780e+003
 -7.4735103e+003
 -7.4615903e+003
 -7.4542173e+003
 -7.4451006e+003
 -7.4321782e+003
 -7.4175244e+003
 -7.4027939e+003
 -7.3930029e+003
 -7.3874595e+003
 -7.3827803e+003
 -7.3751211e+003
 -7.3641113e+003
 -7.3556465e+003
 -7.3543467e+003
 -7.3543750e+003
 -7.3519077e+003
 -7.3504829e+003
 -7.3494517e+003
 -7.3540313e+003
 -7.3551895e+003
 -7.3578691e+003
 -7.3601343e+003
 -7.3628896e+003
 -7.3674844e+003
 -7.3726475e+003
 -7.3778394e+003
 -7.3874800e+003
 -7.3942002e+003
 -7.4002690e+003
 -7.4105840e+003
 -7.4206865e+003
 -7.4334399e+003
 -7.4465127e+003
 -7.4606523e+003
 -7.4781064e+003
 -7.4981860e+003
 -7.5131040e+003
 -7.5255845e+003
 -7.5305684e+003
 -7.5315161e+003
 -7.5325391e+003
 -7.5335977e+003
 -7.5336333e+003
 -7.5328320e+003
 -7.5322646e+003
 -7.5333745e+003
 -7.5348926e+003
 -7.5324448e+003
 -7.5286235e+003
 -7.5187451e+003
 -7.5028774e+003
 -7.4879512e+003
 -7.4737339e+003
 -7.4571250e+003
 -7.4396816e+003
 -7.4275342e+003
 -7.4178257e+003
 -7.4078550e+003
 -7.3993828e+003
 -7.3969092e+003
 -7.3938252e+003
 -7.3967607e+003
 -7.4059839e+003
 -7.4108188e+003
 -7.4199136e+003
 -7.4301567e+003
 -7.4335244e+003
 -7.4331489e+003
 -7.4400581e+003
 -7.4530073e+003
 -7.4638936e+003
 -7.4649360e+003
 -7.4596362e+003
 -7.4579692e+003
 -7.4624282e+003
 -7.4684531e+003
 -7.4617573e+003
 -7.4454702e+003
 -7.4446865e+003
 -7.4564268e+003
 -7.4622368e+003
 -7.4593115e+003
 -7.4527324e+003
 -7.4505068e+003
 -7.4516348e+003
 -7.4487490e+003
 -7.4342798e+003
 -7.4296865e+003
 -7.4398711e+003
 -7.4460376e+003
 -7.4410537e+003
 -7.4390259e+003
 -7.4434346e+003
 -7.4454736e+003
 -7.4447300e+003
 -7.4466226e+003
 -7.4553062e+003
 -7.4674219e+003
 -7.4751362e+003
 -7.4802505e+003
 -7.4937891e+003
 -7.5059575e+003
 -7.5035835e+003
 -7.4906353e+003
 -7.4859385e+003
 -7.4901611e+003
 -7.4973066e+003
 -7.5016128e+003
 -7.5047144e+003
 -7.5124492e+003
 -7.5237261e+003
 -7.5313994e+003
 -7.5360313e+003
 -7.5359946e+003
 -7.5316162e+003
 -7.5271826e+003
 -7.5361211e+003
 -7.5528872e+003
 -7.5677363e+003
 -7.5768594e+003
 -7.5907158e+003
 -7.6009277e+003
 -7.6019609e+003
 -7.5923960e+003
 -7.5787139e+003
 -7.5696709e+003
 -7.5559087e+003
 -7.5398760e+003
 -7.5278760e+003
 -7.5300313e+003
 -7.5298213e+003
 -7.5227236e+003
 -7.5161553e+003
 -7.5247256e+003
 -7.5293408e+003
 -7.5260068e+003
 -7.5182573e+003
 -7.5201367e+003
 -7.5279204e+003
 -7.5333120e+003
 -7.5246445e+003
 -7.5162368e+003
 -7.5147524e+003
 -7.5092100e+003
 -7.4930327e+003
 -7.4833096e+003
 -7.4896084e+003
 -7.4956548e+003
 -7.4923086e+003
 -7.4817173e+003
 -7.4788643e+003
 -7.4831099e+003
 -7.4822378e+003
 -7.4733584e+003
 -7.4640195e+003
 -7.4623965e+003
 -7.4707153e+003
 -7.4807871e+003
 -7.4918145e+003
 -7.5038091e+003
 -7.5110479e+003
 -7.5078047e+003
 -7.4970747e+003
 -7.4864805e+003
 -7.4784858e+003
 -7.4684229e+003
 -7.4552603e+003
 -7.4479902e+003
 -7.4488237e+003
 -7.4615957e+003
 -7.4799170e+003
 -7.4924868e+003
 -7.5127358e+003
 -7.5206680e+003
 -7.5297666e+003
 -7.5413223e+003
 -7.5504639e+003
 -7.5530049e+003
 -7.5509351e+003
 -7.5488286e+003
 -7.5437808e+003
 -7.5440752e+003
 -7.5445044e+003
 -7.5469927e+003
 -7.5537871e+003
 -7.5595518e+003
 -7.5641284e+003
 -7.5643008e+003
 -7.5569111e+003
 -7.5412900e+003
 -7.5211885e+003
 -7.5036123e+003
 -7.4919102e+003
 -7.4754844e+003
 -7.4604336e+003
 -7.4515342e+003
 -7.4497231e+003
 -7.4566196e+003
 -7.4730376e+003
 -7.4860000e+003
 -7.4983208e+003
 -7.5182471e+003
 -7.5426104e+003
 -7.5621650e+003
 -7.5742407e+003
 -7.5768359e+003
 -7.5739150e+003
 -7.5699736e+003
 -7.5666934e+003
 -7.5627583e+003
 -7.5507363e+003
 -7.5378525e+003
 -7.5305645e+003
 -7.5271230e+003
 -7.5240288e+003
 -7.5199448e+003
 -7.5131714e+003
 -7.5082197e+003
 -7.5086768e+003
 -7.5055181e+003
 -7.4995879e+003
 -7.4935205e+003
 -7.4907725e+003
 -7.4907617e+003
 -7.4900537e+003
 -7.4881865e+003
 -7.4880161e+003
 -7.4902554e+003
 -7.4903862e+003
 -7.4923086e+003
 -7.4921597e+003
 -7.4912100e+003
 -7.4902500e+003
 -7.4944189e+003
 -7.5014502e+003
 -7.5093643e+003
 -7.5216777e+003
 -7.5355620e+003
 -7.5562559e+003
 -7.5781929e+003
 -7.5981318e+003
 -7.6126001e+003
 -7.6194521e+003
 -7.6230566e+003
 -7.6228584e+003
 -7.6197534e+003
 -7.6096650e+003
 -7.5958599e+003
 -7.5818799e+003
 -7.5728516e+003
 -7.5650361e+003
 -7.5544448e+003
 -7.5444360e+003
 -7.5348760e+003
 -7.5229775e+003
 -7.5078657e+003
 -7.4913018e+003
 -7.4735181e+003
 -7.4574961e+003
 -7.4453457e+003
 -7.4296958e+003
 -7.3674458e+003
 -7.3694189e+003
 -7.3752559e+003
 -7.3848057e+003
 -7.3912070e+003
 -7.3895410e+003
 -7.3816997e+003
 -7.3833550e+003
 -7.3815015e+003
 -7.3696455e+003
 -7.3530391e+003
 -7.3528330e+003
 -7.3592803e+003
 -7.3546270e+003
 -7.3325464e+003
 -7.3150376e+003
 -7.3209443e+003
 -7.3390781e+003
 -7.3480415e+003
 -7.3458921e+003
 -7.3586567e+003
 -7.3878784e+003
 -7.4143809e+003
 -7.4283047e+003
 -7.4390059e+003
 -7.4459653e+003
 -7.4451611e+003
 -7.4344585e+003
 -7.4241152e+003
 -7.4262588e+003
 -7.4354995e+003
 -7.4405713e+003
 -7.4472070e+003
 -7.4611572e+003
 -7.4737979e+003
 -7.4818022e+003
 -7.4890752e+003
 -7.4917446e+003
 -7.4846592e+003
 -7.4711440e+003
 -7.4595332e+003
 -7.4591289e+003
 -7.4584448e+003
 -7.4538975e+003
 -7.4464458e+003
 -7.4575732e+003
 -7.4718682e+003
 -7.4727710e+003
 -7.4630200e+003
 -7.4718311e+003
 -7.4864419e+003
 -7.4872373e+003
 -7.4689043e+003
 -7.4589653e+003
 -7.4686802e+003
 -7.4736040e+003
 -7.4642358e+003
 -7.4484868e+003
 -7.4501494e+003
 -7.4633896e+003
 -7.4721372e+003
 -7.4628613e+003
 -7.4591318e+003
 -7.4687524e+003
 -7.4776479e+003
 -7.4726216e+003
 -7.4641743e+003
 -7.4712100e+003
 -7.4743799e+003
 -7.4631357e+003
 -7.4500532e+003
 -7.4571060e+003
 -7.4864961e+003
 -7.5224819e+003
 -7.5438286e+003
 -7.5636108e+003
 -7.5922930e+003
 -7.6231313e+003
 -7.6447104e+003
 -7.6566807e+003
 -7.6674922e+003
 -7.6782490e+003
 -7.6850762e+003
 -7.6940122e+003
 -7.7146528e+003
 -7.7369653e+003
 -7.7510332e+003
 -7.7487471e+003
 -7.7459492e+003
 -7.7486973e+003
 -7.7506396e+003
 -7.7487783e+003
 -7.7435010e+003
 -7.7438237e+003
 -7.7432769e+003
 -7.7392480e+003
 -7.7363418e+003
 -7.7289194e+003
 -7.7214946e+003
 -7.7081836e+003
 -7.6965039e+003
 -7.6859990e+003
 -7.6763999e+003
 -7.6599175e+003
 -7.4261782e+003
 -7.4017446e+003
 -7.3836978e+003
 -7.3652778e+003
 -7.3558560e+003
 -7.3510815e+003
 -7.3485215e+003
 -7.3517197e+003
 -7.3570049e+003
 -7.3591748e+003
 -7.3629995e+003
 -7.3681289e+003
 -7.3727896e+003
 -7.3797476e+003
 -7.3862437e+003
 -7.3868755e+003
 -7.3840293e+003
 -7.3777207e+003
 -7.3722822e+003
 -7.3667109e+003
 -7.3654692e+003
 -7.3677505e+003
 -7.3689624e+003
 -7.3747129e+003
 -7.3843970e+003
 -7.3976367e+003
 -7.4057852e+003
 -7.4125654e+003
 -7.4197534e+003
 -7.4274360e+003
 -7.4390630e+003
 -7.4488135e+003
 -7.4570605e+003
 -7.4689180e+003
 -7.4794351e+003
 -7.4876914e+003
 -7.4940498e+003
 -7.4977817e+003
 -7.4938218e+003
 -7.4884614e+003
 -7.4798164e+003
 -7.4718267e+003
 -7.4644575e+003
 -7.4490171e+003
 -7.4317588e+003
 -7.4205195e+003
 -7.4159790e+003
 -7.4164468e+003
 -7.4223276e+003
 -7.4339395e+003
 -7.4537139e+003
 -7.4801187e+003
 -7.5062695e+003
 -7.5318569e+003
 -7.5551714e+003
 -7.5687451e+003
 -7.5693555e+003
 -7.5660352e+003
 -7.5615054e+003
 -7.5478228e+003
 -7.5291221e+003
 -7.5100889e+003
 -7.4952617e+003
 -7.4858335e+003
 -7.4758872e+003
 -7.4619639e+003
 -7.4504868e+003
 -7.4452969e+003
 -7.4393379e+003
 -7.4318867e+003
 -7.4293955e+003
 -7.4318984e+003
 -7.4420601e+003
 -7.4526006e+003
 -7.4589199e+003
 -7.4616567e+003
 -7.4603740e+003
 -7.4620264e+003
 -7.4631616e+003
 -7.4651865e+003
 -7.4680107e+003
 -7.4714658e+003
 -7.4731250e+003
 -7.4774131e+003
 -7.4879614e+003
 -7.5004097e+003
 -7.5047505e+003
 -7.4919565e+003
 -7.4747007e+003
 -7.4698413e+003
 -7.4815029e+003
 -7.4990356e+003
 -7.5139761e+003
 -7.5277920e+003
 -7.5547705e+003
 -7.5972095e+003
 -7.6403247e+003
 -7.6630361e+003
 -7.6640186e+003
 -7.6569297e+003
 -7.6456436e+003
 -7.6349458e+003
 -7.6175518e+003
 -7.5934814e+003
 -7.5694351e+003
 -7.5540327e+003
 -7.5399102e+003
 -7.5306636e+003
 -7.5280737e+003
 -7.5286201e+003
 -7.5310713e+003
 -7.5333896e+003
 -7.5409883e+003
 -7.5540073e+003
 -7.5613765e+003
 -7.5600728e+003
 -7.5558657e+003
 -7.5475991e+003
 -7.5321958e+003
 -7.5153013e+003
 -7.5082080e+003
 -7.5068975e+003
 -7.4942852e+003
 -7.4712603e+003
 -7.4556323e+003
 -7.4573579e+003
 -7.4558130e+003
 -7.4399868e+003
 -7.4204448e+003
 -7.4127534e+003
 -7.4104077e+003
 -7.4021987e+003
 -7.3881372e+003
 -7.3812637e+003
 -7.3851123e+003
 -7.3865835e+003
 -7.3876426e+003
 -7.4030439e+003
 -7.4226152e+003
 -7.4365845e+003
 -7.4420503e+003
 -7.4569302e+003
 -7.4846265e+003
 -7.5033350e+003
 -7.4988438e+003
 -7.4951582e+003
 -7.4966895e+003
 -7.5003877e+003
 -7.4981055e+003
 -7.4890698e+003
 -7.4892813e+003
 -7.4973555e+003
 -7.4991729e+003
 -7.4982104e+003
 -7.5035835e+003
 -7.5092129e+003
 -7.5055518e+003
 -7.4888701e+003
 -7.4743188e+003
 -7.4679238e+003
 -7.4616470e+003
 -7.4477988e+003
 -7.4343447e+003
 -7.4327637e+003
 -7.4314482e+003
 -7.4275376e+003
 -7.4246206e+003
 -7.4342832e+003
 -7.4453486e+003
 -7.4489009e+003
 -7.4471724e+003
 -7.4520205e+003
 -7.4580850e+003
 -7.4493184e+003
 -7.4260522e+003
 -7.4079570e+003
 -7.4076484e+003
 -7.4079644e+003
 -7.4015562e+003
 -7.3911313e+003
 -7.4009360e+003
 -7.4171177e+003
 -7.4245469e+003
 -7.4203066e+003
 -7.4235928e+003
 -7.4403130e+003
 -7.4590576e+003
 -7.4644102e+003
 -7.4635874e+003
 -7.4761279e+003
 -7.4977808e+003
 -7.5135366e+003
 -7.5119492e+003
 -7.5014390e+003
 -7.4946504e+003
 -7.4908018e+003
 -7.4814761e+003
 -7.4710132e+003
 -7.4609155e+003
 -7.4548604e+003
 -7.4549414e+003
 -7.4602900e+003
 -7.4725259e+003
 -7.4934629e+003
 -7.5179570e+003
 -7.5434497e+003
 -7.5680044e+003
 -7.5893462e+003
 -7.5996348e+003
 -7.5999644e+003
 -7.5910215e+003
 -7.5787461e+003
 -7.5601060e+003
 -7.5364077e+003
 -7.5155518e+003
 -7.5021392e+003
 -7.4933442e+003
 -7.4853662e+003
 -7.4754048e+003
 -7.4662847e+003
 -7.4598716e+003
 -7.4599482e+003
 -7.4569487e+003
 -7.4543945e+003
 -7.4565547e+003
 -7.4644902e+003
 -7.4711982e+003
 -7.4722236e+003
 -7.4632778e+003
 -7.4527642e+003
 -7.4487051e+003
 -7.4452769e+003
 -7.4368491e+003
 -7.4224976e+003
 -7.4125161e+003
 -7.4117510e+003
 -7.4150474e+003
 -7.4131870e+003
 -7.4102627e+003
 -7.4122373e+003
 -7.4183613e+003
 -7.4245176e+003
 -7.4296328e+003
 -7.4323979e+003
 -7.4345015e+003
 -7.4355356e+003
 -7.4366201e+003
 -7.4390137e+003
 -7.4454063e+003
 -7.4509077e+003
 -7.4568403e+003
 -7.4632002e+003
 -7.4699131e+003
 -7.4757974e+003
 -7.4816919e+003
 -7.4840542e+003
 -7.4879463e+003
 -7.4916074e+003
 -7.3672949e+003
 -7.3596421e+003
 -7.3599863e+003
 -7.3622363e+003
 -7.3672275e+003
 -7.3697222e+003
 -7.3735869e+003
 -7.3785513e+003
 -7.3890605e+003
 -7.4004180e+003
 -7.4107036e+003
 -7.4223979e+003
 -7.4385415e+003
 -7.4553564e+003
 -7.4723203e+003
 -7.4892246e+003
 -7.5015703e+003
 -7.5103472e+003
 -7.5175156e+003
 -7.5202686e+003
 -7.5181489e+003
 -7.5131997e+003
 -7.5055254e+003
 -7.4956992e+003
 -7.4858135e+003
 -7.4746396e+003
 -7.4614189e+003
 -7.4606611e+003
 -7.4614229e+003
 -7.4568237e+003
 -7.4465479e+003
 -7.4377119e+003
 -7.4286274e+003
 -7.4223926e+003
 -7.4209614e+003
 -7.4183159e+003
 -7.4224985e+003
 -7.4315327e+003
 -7.4413701e+003
 -7.4518750e+003
 -7.4594961e+003
 -7.4590747e+003
 -7.4542539e+003
 -7.4498877e+003
 -7.4454688e+003
 -7.4429116e+003
 -7.4379136e+003
 -7.4310586e+003
 -7.4220972e+003
 -7.4115308e+003
 -7.4034565e+003
 -7.3991108e+003
 -7.3976250e+003
 -7.3947041e+003
 -7.3898691e+003
 -7.3941050e+003
 -7.4034287e+003
 -7.4125234e+003
 -7.4162773e+003
 -7.4147139e+003
 -7.4124526e+003
 -7.4107349e+003
 -7.4156294e+003
 -7.4284321e+003
 -7.4385615e+003
 -7.4399756e+003
 -7.4376074e+003
 -7.4381460e+003
 -7.4426382e+003
 -7.4424541e+003
 -7.4357334e+003
 -7.4295879e+003
 -7.4281089e+003
 -7.4251982e+003
 -7.4229092e+003
 -7.4183018e+003
 -7.4053716e+003
 -7.3909019e+003
 -7.3819131e+003
 -7.3782837e+003
 -7.3760078e+003
 -7.3711499e+003
 -7.3665703e+003
 -7.3816567e+003
 -7.4007446e+003
 -7.4049883e+003
 -7.3978706e+003
 -7.3966553e+003
 -7.4177544e+003
 -7.4419756e+003
 -7.4520278e+003
 -7.4506382e+003
 -7.4656890e+003
 -7.4815728e+003
 -7.4860420e+003
 -7.4797646e+003
 -7.4787578e+003
 -7.4803774e+003
 -7.4780679e+003
 -7.4736436e+003
 -7.4714272e+003
 -7.4836616e+003
 -7.4938740e+003
 -7.4889238e+003
 -7.4765146e+003
 -7.4802002e+003
 -7.4943823e+003
 -7.5089976e+003
 -7.5184614e+003
 -7.5372822e+003
 -7.5719194e+003
 -7.6057837e+003
 -7.6316138e+003
 -7.6514741e+003
 -7.6747183e+003
 -7.6885679e+003
 -7.6851479e+003
 -7.6674639e+003
 -7.6562617e+003
 -7.6482373e+003
 -7.6259771e+003
 -7.5853237e+003
 -7.5518198e+003
 -7.5303364e+003
 -7.5179277e+003
 -7.5032573e+003
 -7.4856948e+003
 -7.4790874e+003
 -7.4873159e+003
 -7.4935229e+003
 -7.4934438e+003
 -7.4979883e+003
 -7.5017729e+003
 -7.4983584e+003
 -7.4910854e+003
 -7.4882749e+003
 -7.4829194e+003
 -7.4734019e+003
 -7.4583149e+003
 -7.4437036e+003
 -7.4425244e+003
 -7.4469238e+003
 -7.4460625e+003
 -7.4395693e+003
 -7.4357378e+003
 -7.4376870e+003
 -7.4475894e+003
 -7.4653618e+003
 -7.4774028e+003
 -7.4838389e+003
 -7.4854268e+003
 -7.4916025e+003
 -7.5078374e+003
 -7.5251460e+003
 -7.5297075e+003
 -7.5260640e+003
 -7.5227539e+003
 -7.5232241e+003
 -7.5220425e+003
 -7.5107139e+003
 -7.4894683e+003
 -7.4689077e+003
 -7.4526592e+003
 -7.4379980e+003
 -7.4309404e+003
 -7.4338867e+003
 -7.4455195e+003
 -7.4609858e+003
 -7.4731460e+003
 -7.4831714e+003
 -7.4911860e+003
 -7.4970127e+003
 -7.4967969e+003
 -7.4944956e+003
 -7.4883521e+003
 -7.4798662e+003
 -7.4806787e+003
 -7.4810659e+003
 -7.4794141e+003
 -7.4804795e+003
 -7.4803584e+003
 -7.4760942e+003
 -7.4795444e+003
 -7.4856050e+003
 -7.4941904e+003
 -7.5034790e+003
 -7.5071157e+003
 -7.5047524e+003
 -7.5113218e+003
 -7.5206899e+003
 -7.5246074e+003
 -7.5225586e+003
 -7.5202471e+003
 -7.5265991e+003
 -7.5362329e+003
 -7.5427939e+003
 -7.5413467e+003
 -7.5426382e+003
 -7.5452178e+003
 -7.5456069e+003
 -7.5367041e+003
 -7.5311533e+003
 -7.5345039e+003
 -7.5435464e+003
 -7.5510952e+003
 -7.5540327e+003
 -7.5481196e+003
 -7.5339170e+003
 -7.5206357e+003
 -7.5065776e+003
 -7.4959946e+003
 -7.4937861e+003
 -7.4951709e+003
 -7.4986377e+003
 -7.5094912e+003
 -7.5280288e+003
 -7.5465000e+003
 -7.5596543e+003
 -7.5555049e+003
 -7.5396772e+003
 -7.5167368e+003
 -7.4973945e+003
 -7.4873237e+003
 -7.4848916e+003
 -7.4822476e+003
 -7.4853359e+003
 -7.4988906e+003
 -7.5228516e+003
 -7.5548101e+003
 -7.5810332e+003
 -7.5988911e+003
 -7.6093052e+003
 -7.6157700e+003
 -7.6209829e+003
 -7.6190894e+003
 -7.6127202e+003
 -7.5107378e+003
 -7.4980269e+003
 -7.4862627e+003
 -7.4776880e+003
 -7.4702456e+003
 -7.4638481e+003
 -7.4580532e+003
 -7.4494922e+003
 -7.4436406e+003
 -7.4437969e+003
 -7.4527402e+003
 -7.4673311e+003
 -7.4773569e+003
 -7.4849644e+003
 -7.4943398e+003
 -7.5077271e+003
 -7.5236826e+003
 -7.5309258e+003
 -7.5252510e+003
 -7.5254707e+003
 -7.5343179e+003
 -7.5494478e+003
 -7.5730088e+003
 -7.6018223e+003
 -7.6280903e+003
 -7.6571421e+003
 -7.6873086e+003
 -7.7261079e+003
 -7.7581084e+003
 -7.7647046e+003
 -7.7574326e+003
 -7.7574546e+003
 -7.7712778e+003
 -7.7821270e+003
 -7.7762466e+003
 -7.7571899e+003
 -7.7440869e+003
 -7.7353569e+003
 -7.7238149e+003
 -7.6988975e+003
 -7.6643862e+003
 -7.6331304e+003
 -7.6036348e+003
 -7.5806372e+003
 -7.5643179e+003
 -7.5402905e+003
 -7.5127827e+003
 -7.4938091e+003
 -7.4864824e+003
 -7.4764614e+003
 -7.4660576e+003
 -7.4567397e+003
 -7.4586841e+003
 -7.4556035e+003
 -7.4473516e+003
 -7.4291074e+003
 -7.4165840e+003
 -7.4049800e+003
 -7.3806611e+003
 -7.3574312e+003
 -7.3611870e+003
 -7.3889517e+003
 -7.4139766e+003
 -7.4336606e+003
 -7.4541938e+003
 -7.4912842e+003
 -7.5310713e+003
 -7.5517856e+003
 -7.5464409e+003
 -7.5462021e+003
 -7.5474604e+003
 -7.5388945e+003
 -7.5250098e+003
 -7.5197646e+003
 -7.5177622e+003
 -7.5127944e+003
 -7.5015278e+003
 -7.4934771e+003
 -7.4980532e+003
 -7.5077686e+003
 -7.5122178e+003
 -7.5125522e+003
 -7.5208853e+003
 -7.5268047e+003
 -7.5247456e+003
 -7.5190488e+003
 -7.5207012e+003
 -7.5148403e+003
 -7.5020420e+003
 -7.4837559e+003
 -7.4746719e+003
 -7.4724277e+003
 -7.4624175e+003
 -7.4420430e+003
 -7.4286416e+003
 -7.4266558e+003
 -7.4257979e+003
 -7.4215083e+003
 -7.4177485e+003
 -7.4292505e+003
 -7.4503457e+003
 -7.4697095e+003
 -7.4805659e+003
 -7.4923511e+003
 -7.5062388e+003
 -7.5129741e+003
 -7.5092056e+003
 -7.5039312e+003
 -7.5067275e+003
 -7.5088545e+003
 -7.5070010e+003
 -7.5037891e+003
 -7.5058408e+003
 -7.5152271e+003
 -7.5243193e+003
 -7.5235942e+003
 -7.5215815e+003
 -7.5263477e+003
 -7.5353521e+003
 -7.5480166e+003
 -7.5655918e+003
 -7.5783921e+003
 -7.5861333e+003
 -7.5911870e+003
 -7.5962617e+003
 -7.5996191e+003
 -7.6006084e+003
 -7.5946250e+003
 -7.5874434e+003
 -7.5831274e+003
 -7.5800474e+003
 -7.5762339e+003
 -7.5729707e+003
 -7.5718716e+003
 -7.5723340e+003
 -7.6374790e+003
 -7.6427256e+003
 -7.6413745e+003
 -7.6370356e+003
 -7.6374038e+003
 -7.6432173e+003
 -7.6622700e+003
 -7.6930845e+003
 -7.7339453e+003
 -7.7866553e+003
 -7.8497661e+003
 -7.9122358e+003
 -7.9649517e+003
 -8.0046582e+003
 -8.0271167e+003
 -8.0344751e+003
 -8.0298872e+003
 -8.0169570e+003
 -7.9976748e+003
 -7.9730903e+003
 -7.9417998e+003
 -7.9073574e+003
 -7.8702310e+003
 -7.8318696e+003
 -7.7933096e+003
 -7.7514307e+003
 -7.7112534e+003
 -7.6746802e+003
 -7.6328750e+003
 -7.5902988e+003
 -7.5513193e+003
 -7.5146260e+003
 -7.4798462e+003
 -7.4520601e+003
 -7.4297539e+003
 -7.4149990e+003
 -7.4061196e+003
 -7.3990342e+003
 -7.3967993e+003
 -7.4011265e+003
 -7.4049907e+003
 -7.4038682e+003
 -7.4011704e+003
 -7.3960229e+003
 -7.3904639e+003
 -7.3809053e+003
 -7.3666558e+003
 -7.3510376e+003
 -7.3364390e+003
 -7.3221572e+003
 -7.3125640e+003
 -7.3054546e+003
 -7.2982192e+003
 -7.2916797e+003
 -7.2884028e+003
 -7.2882959e+003
 -7.2922803e+003
 -7.2960967e+003
 -7.3035864e+003
 -7.3145127e+003
 -7.3295293e+003
 -7.3504854e+003
 -7.3763311e+003
 -7.4022866e+003
 -7.4263965e+003
 -7.4458799e+003
 -7.4596758e+003
 -7.4692119e+003
 -7.4769170e+003
 -7.4797876e+003
 -7.4800146e+003
 -7.4806924e+003
 -7.4816987e+003
 -7.4835078e+003
 -7.4854341e+003
 -7.4890952e+003
 -7.5045015e+003
 -7.4950620e+003
 -7.4913481e+003
 -7.4904727e+003
 -7.4931626e+003
 -7.4997529e+003
 -7.5110996e+003
 -7.5273647e+003
 -7.5358281e+003
 -7.5358765e+003
 -7.5397803e+003
 -7.5464648e+003
 -7.5506729e+003
 -7.5486064e+003
 -7.5419111e+003
 -7.5394551e+003
 -7.5396636e+003
 -7.5359170e+003
 -7.5228940e+003
 -7.5042607e+003
 -7.4887183e+003
 -7.4731143e+003
 -7.4543589e+003
 -7.4372681e+003
 -7.4300767e+003
 -7.4274683e+003
 -7.4306753e+003
 -7.4358896e+003
 -7.4367217e+003
 -7.4297749e+003
 -7.4234775e+003
 -7.4206846e+003
 -7.4161670e+003
 -7.4041655e+003
 -7.3944600e+003
 -7.3958809e+003
 -7.4065117e+003
 -7.4219839e+003
 -7.4304658e+003
 -7.4324438e+003
 -7.4426421e+003
 -7.4514258e+003
 -7.4496362e+003
 -7.4458750e+003
 -7.4455098e+003
 -7.4448838e+003
 -7.4446641e+003
 -7.4456138e+003
 -7.4480313e+003
 -7.4487114e+003
 -7.4451489e+003
 -7.4431138e+003
 -7.4479663e+003
 -7.4558359e+003
 -7.4579731e+003
 -7.4500830e+003
 -7.4421992e+003
 -7.4378496e+003
 -7.4358750e+003
 -7.4330752e+003
 -7.4231436e+003
 -7.4106099e+003
 -7.4026978e+003
 -7.3986392e+003
 -7.3958320e+003
 -7.3940996e+003
 -7.3879346e+003
 -7.3800161e+003
 -7.3775557e+003
 -7.3779053e+003
 -7.3772705e+003
 -7.3788110e+003
 -7.3828091e+003
 -7.3883135e+003
 -7.3912617e+003
 -7.3940200e+003
 -7.3984082e+003
 -7.4011514e+003
 -7.4012329e+003
 -7.3960757e+003
 -7.3892144e+003
 -7.3900054e+003
 -7.3911504e+003
 -7.3882080e+003
 -7.3844111e+003
 -7.3825649e+003
 -7.3836704e+003
 -7.3837881e+003
 -7.3821074e+003
 -7.3800762e+003
 -7.3837661e+003
 -7.3872993e+003
 -7.3911299e+003
 -7.3941611e+003
 -7.3936123e+003
 -7.3909829e+003
 -7.3927798e+003
 -7.3999297e+003
 -7.4144233e+003
 -7.4372495e+003
 -7.4642378e+003
 -7.4888267e+003
 -7.5157271e+003
 -7.5431885e+003
 -7.5627749e+003
 -7.5796323e+003
 -7.5820352e+003
 -7.5830020e+003
 -7.5818149e+003
 -7.5948164e+003
 -7.6100059e+003
 -7.6147017e+003
 -7.6058701e+003
 -7.6011255e+003
 -7.5998638e+003
 -7.5879165e+003
 -7.5724380e+003
 -7.5468257e+003
 -7.5200229e+003
 -7.4978892e+003
 -7.4715190e+003
 -7.4340781e+003
 -7.3992632e+003
 -7.3704980e+003
 -7.3464990e+003
 -7.3280923e+003
 -7.3216050e+003
 -7.3221821e+003
 -7.3298184e+003
 -7.3370918e+003
 -7.3402505e+003
 -7.3377290e+003
 -7.3307646e+003
 -7.3223496e+003
 -7.3198403e+003
 -7.3256851e+003
 -7.3404561e+003
 -7.3623115e+003
 -7.3858252e+003
 -7.4081875e+003
 -7.4279487e+003
 -7.4425811e+003
 -7.4490522e+003
 -7.4527661e+003
 -7.4605493e+003
 -7.4758647e+003
 -7.4960190e+003
 -7.5235679e+003
 -7.5543101e+003
 -7.5840317e+003
 -7.6134976e+003
 -7.6409004e+003
 -7.6601050e+003
 -7.6736738e+003
 -7.6856196e+003
 -7.6865156e+003
 -7.6794648e+003
 -7.6683525e+003
 -7.6506006e+003
 -7.6327720e+003
 -7.6178608e+003
 -7.6048667e+003
 -7.5916206e+003
 -7.5816172e+003
 -7.5700229e+003
 -7.5570889e+003
 -7.5454438e+003
 -7.5292461e+003
 -7.5063101e+003
 -7.4820298e+003
 -7.4658486e+003
 -7.4596035e+003
 -7.4643423e+003
 -7.4707007e+003
 -7.4767583e+003
 -7.4856450e+003
 -7.4974443e+003
 -7.5109019e+003
 -7.5210781e+003
 -7.5275542e+003
 -7.5305542e+003
 -7.5312490e+003
 -7.5357329e+003
 -7.5421377e+003
 -7.5483838e+003
 -7.5528062e+003
 -7.5555981e+003
 -7.5616958e+003
 -7.5690439e+003
 -7.5742197e+003
 -7.5737549e+003
 -7.5728188e+003
 -7.5689165e+003
 -7.5634795e+003
 -7.5518740e+003
 -7.5421235e+003
 -7.5321621e+003
 -7.5154473e+003
 -7.4962471e+003
 -7.4828945e+003
 -7.4768008e+003
 -7.4751567e+003
 -7.4806567e+003
 -7.4843857e+003
 -7.5008745e+003
 -7.5261724e+003
 -7.5492334e+003
 -7.5679702e+003
 -7.5886094e+003
 -7.6068818e+003
 -7.6146094e+003
 -7.6172607e+003
 -7.6221392e+003
 -7.6257651e+003
 -7.6254282e+003
 -7.6183779e+003
 -7.6094873e+003
 -7.6032529e+003
 -7.5956528e+003
 -7.5813613e+003
 -7.5684941e+003
 -7.5624688e+003
 -7.5500601e+003
 -7.5328159e+003
 -7.5163335e+003
 -7.5059790e+003
 -7.4957490e+003
 -7.4753896e+003
 -7.4511963e+003
 -7.4368794e+003
 -7.4352886e+003
 -7.4294282e+003
 -7.4477749e+003
 -7.4487417e+003
 -7.4428247e+003
 -7.4411196e+003
 -7.4520010e+003
 -7.4732485e+003
 -7.4947671e+003
 -7.5123735e+003
 -7.5293413e+003
 -7.5453955e+003
 -7.5591001e+003
 -7.5660112e+003
 -7.5646460e+003
 -7.5573013e+003
 -7.5503584e+003
 -7.5437168e+003
 -7.5373613e+003
 -7.5331885e+003
 -7.5290596e+003
 -7.5199888e+003
 -7.5110234e+003
 -7.5052983e+003
 -7.5004131e+003
 -7.4965776e+003
 -7.4972778e+003
 -7.5026875e+003
 -7.5126030e+003
 -7.5253447e+003
 -7.5307324e+003
 -7.5305757e+003
 -7.5252261e+003
 -7.5158862e+003
 -7.4987876e+003
 -7.4762861e+003
 -7.4557388e+003
 -7.4428193e+003
 -7.4352510e+003
 -7.4309268e+003
 -7.4292148e+003
 -7.4286587e+003
 -7.4313164e+003
 -7.4347368e+003
 -7.4434048e+003
 -7.4556577e+003
 -7.4724634e+003
 -7.4920039e+003
 -7.5139663e+003
 -7.5378525e+003
 -7.5652480e+003
 -7.5899424e+003
 -7.6085234e+003
 -7.6246187e+003
 -7.6349307e+003
 -7.6438955e+003
 -7.6487070e+003
 -7.6523120e+003
 -7.6542163e+003
 -7.6527847e+003
 -7.6493276e+003
 -7.6460474e+003
 -7.6415215e+003
 -7.6332417e+003
 -7.6222871e+003
 -7.6096655e+003
 -7.5987686e+003
 -7.5901240e+003
 -7.5811953e+003
 -7.5762041e+003
 -7.5747056e+003
 -7.5745068e+003
 -7.5725923e+003
 -7.5717622e+003
 -7.5708584e+003
 -7.5717949e+003
 -7.5706499e+003
 -7.5701689e+003
 -7.5728442e+003
 -7.5767617e+003
 -7.5824087e+003
 -7.5888633e+003
 -7.5926875e+003
 -7.5931890e+003
 -7.5954443e+003
 -7.5970317e+003
 -7.5966450e+003
 -7.5938286e+003
 -7.5905435e+003
 -7.5907222e+003
 -7.5911367e+003
 -7.5877095e+003
 -7.5806143e+003
 -7.5729019e+003
 -7.5640259e+003
 -7.5540376e+003
 -7.5434067e+003
 -7.5281035e+003
 -7.5104912e+003
 -7.4916353e+003
 -7.4743657e+003
 -7.4589355e+003
 -7.4458657e+003
 -7.4289839e+003
 -7.4131357e+003
 -7.4055439e+003
 -7.4027656e+003
 -7.3946914e+003
 -7.3885698e+003
 -7.3892925e+003
 -7.3873818e+003
 -7.3816050e+003
 -7.3765703e+003
 -7.3708062e+003
 -7.3710151e+003
 -7.3792632e+003
 -7.3863120e+003
 -7.3978311e+003
 -7.4189253e+003
 -7.4392690e+003
 -7.4578701e+003
 -7.4802222e+003
 -7.4943423e+003
 -7.4966772e+003
 -7.4935332e+003
 -7.4901348e+003
 -7.4914814e+003
 -7.4930879e+003
 -7.4855269e+003
 -7.4761943e+003
 -7.4771387e+003
 -7.4839395e+003
 -7.4837134e+003
 -7.4742090e+003
 -7.4681406e+003
 -7.4696191e+003
 -7.4734165e+003
 -7.4775947e+003
 -7.4858208e+003
 -7.4915557e+003
 -7.4903721e+003
 -7.4819438e+003
 -7.4744888e+003
 -7.4722031e+003
 -7.4595239e+003
 -7.4261328e+003
 -7.3902764e+003
 -7.3711191e+003
 -7.3646792e+003
 -7.3601680e+003
 -7.3521567e+003
 -7.3586499e+003
 -7.3886963e+003
 -7.4314326e+003
 -7.4725713e+003
 -7.5157051e+003
 -7.5578501e+003
 -7.5925981e+003
 -7.6181611e+003
 -7.6372002e+003
 -7.6541855e+003
 -7.6654014e+003
 -7.6674771e+003
 -7.6643540e+003
 -7.6614507e+003
 -7.6567588e+003
 -7.6490034e+003
 -7.6385332e+003
 -7.6283379e+003
 -7.6226167e+003
 -7.6173745e+003
 -7.6144351e+003
 -7.6133828e+003
 -7.6085742e+003
 -7.5992729e+003
 -7.5897627e+003
 -7.5808838e+003
 -7.5706006e+003
 -7.5600776e+003
 -7.5458569e+003
 -7.5315371e+003
 -7.5192900e+003
 -7.5082583e+003
 -7.5001558e+003
 -7.4902021e+003
 -7.4772896e+003
 -7.4614023e+003
 -7.4560635e+003
 -7.4577061e+003
 -7.4561250e+003
 -7.4491992e+003
 -7.4400894e+003
 -7.4388237e+003
 -7.4388110e+003
 -7.4318428e+003
 -7.4229209e+003
 -7.4196001e+003
 -7.4195425e+003
 -7.4171582e+003
 -7.4109805e+003
 -7.4047139e+003
 -7.4019780e+003
 -7.3994868e+003
 -7.3966260e+003
 -7.3906611e+003
 -7.3869824e+003
 -7.3802827e+003
 -7.3755186e+003
 -7.3711504e+003
 -7.3726387e+003
 -7.3713286e+003
 -7.3679429e+003
 -7.3625234e+003
 -7.3632109e+003
 -7.3659976e+003
 -7.3701196e+003
 -7.3733286e+003
 -7.3731455e+003
 -7.3756372e+003
 -7.3808501e+003
 -7.3847095e+003
 -7.3879038e+003
 -7.3942383e+003
 -7.4024077e+003
 -7.4145449e+003
 -7.4250366e+003
 -7.4356445e+003
 -7.4480518e+003
 -7.4608896e+003
 -7.4736182e+003
 -7.4888872e+003
 -7.5094316e+003
 -7.5313862e+003
 -7.5572090e+003
 -7.5861577e+003
 -7.6158794e+003
 -7.6442461e+003
 -7.6636465e+003
 -7.6741694e+003
 -7.6792168e+003
 -7.6775693e+003
 -7.6676123e+003
 -7.6509175e+003
 -7.6334746e+003
 -7.6215752e+003
 -7.6168008e+003
 -7.6136929e+003
 -7.6131406e+003
 -7.6147847e+003
 -7.6210728e+003
 -7.6299302e+003
 -7.6312451e+003
 -7.6259282e+003
 -7.6195488e+003
 -7.6104756e+003
 -7.6014004e+003
 -7.5936011e+003
 -7.5823149e+003
 -7.5736270e+003
 -7.5713232e+003
 -7.5642974e+003
 -7.5492197e+003
 -7.5313950e+003
 -7.5142354e+003
 -7.4993125e+003
 -7.4838838e+003
 -7.4650220e+003
 -7.4401279e+003
 -7.4205415e+003
 -7.4141187e+003
 -7.4163901e+003
 -7.4140366e+003
 -7.4102017e+003
 -7.4076772e+003
 -7.4034351e+003
 -7.3998691e+003
 -7.3927944e+003
 -7.3763228e+003
 -7.3596777e+003
 -7.3442573e+003
 -7.3282144e+003
 -7.3236245e+003
 -7.3350732e+003
 -7.3573735e+003
 -7.3805869e+003
 -7.4053452e+003
 -7.4345171e+003
 -7.4612549e+003
 -7.4731494e+003
 -7.4755518e+003
 -7.4719326e+003
 -7.4649399e+003
 -7.4560684e+003
 -7.4470303e+003
 -7.4412129e+003
 -7.4427554e+003
 -7.4503804e+003
 -7.4588477e+003
 -7.4720117e+003
 -7.4839917e+003
 -7.4887910e+003
 -7.4857148e+003
 -7.4826704e+003
 -7.4809756e+003
 -7.4768315e+003
 -7.4652690e+003
 -7.4508540e+003
 -7.4444536e+003
 -7.4441172e+003
 -7.4464434e+003
 -7.4562974e+003
 -7.4669229e+003
 -7.4722642e+003
 -7.4741748e+003
 -7.4775669e+003
 -7.4759111e+003
 -7.4658491e+003
 -7.4514858e+003
 -7.4435967e+003
 -7.4512036e+003
 -7.4627153e+003
 -7.4645122e+003
 -7.4669941e+003
 -7.4810195e+003
 -7.5029731e+003
 -7.5163687e+003
 -7.5135693e+003
 -7.5117852e+003
 -7.5201611e+003
 -7.5269648e+003
 -7.5268872e+003
 -7.5242598e+003
 -7.5222363e+003
 -7.5231260e+003
 -7.5230820e+003
 -7.5253223e+003
 -7.5374756e+003
 -7.5523613e+003
 -7.5692686e+003
 -7.5867280e+003
 -7.6039048e+003
 -7.6183247e+003
 -7.6260840e+003
 -7.6247524e+003
 -7.6241040e+003
 -7.6199175e+003
 -7.6039937e+003
 -7.5805771e+003
 -7.5697559e+003
 -7.5549155e+003
 -7.5313423e+003
 -7.5050083e+003
 -7.4899507e+003
 -7.4876982e+003
 -7.4874248e+003
 -7.4833350e+003
 -7.4851597e+003
 -7.5028394e+003
 -7.5265308e+003
 -7.5422769e+003
 -7.5504116e+003
 -7.5626440e+003
 -7.5732666e+003
 -7.5699419e+003
 -7.5568232e+003
 -7.5531230e+003
 -7.5508037e+003
 -7.5377700e+003
 -7.5161528e+003
 -7.5087305e+003
 -7.5199912e+003
 -7.5291606e+003
 -7.5220542e+003
 -7.5091641e+003
 -7.5167095e+003
 -7.5274063e+003
 -7.5240884e+003
 -7.5034160e+003
 -7.4916768e+003
 -7.4968369e+003
 -7.5062017e+003
 -7.5105630e+003
 -7.5205415e+003
 -7.5445000e+003
 -7.5580459e+003
 -7.5580811e+003
 -7.5489902e+003
 -7.5416123e+003
 -7.5292422e+003
 -7.5020801e+003
 -7.4594033e+003
 -7.4252236e+003
 -7.4073486e+003
 -7.3898584e+003
 -7.3702002e+003
 -7.3582095e+003
 -7.3559160e+003
 -7.3606416e+003
 -7.3686772e+003
 -7.3811069e+003
 -7.3985962e+003
 -7.4168232e+003
 -7.4291870e+003
 -7.4371055e+003
 -7.4505137e+003
 -7.4645815e+003
 -7.4735854e+003
 -7.4767261e+003
 -7.4794805e+003
 -7.4836924e+003
 -7.4925244e+003
 -7.4966108e+003
 -7.5009248e+003
 -7.5134150e+003
 -7.5356069e+003
 -7.5590239e+003
 -7.5855273e+003
 -7.6150752e+003
 -7.6475786e+003
 -7.6885469e+003
 -7.7304819e+003
 -7.7678682e+003
 -7.7977979e+003
 -7.8224604e+003
 -7.8413472e+003
 -7.8552627e+003
 -7.8585625e+003
 -7.8524224e+003
 -7.8374780e+003
 -7.8189082e+003
 -7.7987813e+003
 -7.7817734e+003
 -7.7626885e+003
 -7.7360791e+003
 -7.7041597e+003
 -7.6726382e+003
 -7.6426479e+003
 -7.6158936e+003
 -7.5900566e+003