-7.615063500000000204e+03 -7.615063500000000204e+03
-7.691815400000000409e+03 -7.691815400000000409e+03
-7.664529800000000250e+03 -7.664529800000000250e+03
-7.657414999999999964e+03 -7.657414999999999964e+03
-7.647194800000000214e+03 -7.647194800000000214e+03
-7.637383300000000418e+03 -7.637383300000000418e+03
-7.628806599999999889e+03 -7.628806599999999889e+03
-7.623962400000000343e+03 -7.623962400000000343e+03
-7.617149400000000242e+03 -7.617149400000000242e+03
-7.607085900000000038e+03 -7.607085900000000038e+03
-7.593169399999999769e+03 -7.593169399999999769e+03
-7.585211400000000140e+03 -7.585211400000000140e+03
-7.584576699999999619e+03 -7.584576699999999619e+03
-7.581287599999999657e+03 -7.581287599999999657e+03
-7.566403800000000047e+03 -7.566403800000000047e+03
-7.550170399999999972e+03 -7.550170399999999972e+03
-7.541135299999999916e+03 -7.541135299999999916e+03
-7.536629899999999907e+03 -7.536629899999999907e+03
-7.525166000000000167e+03 -7.525166000000000167e+03
-7.506372999999999593e+03 -7.506372999999999593e+03
-7.489784200000000055e+03 -7.489784200000000055e+03
-7.487824700000000121e+03 -7.487824700000000121e+03
-7.490624499999999898e+03 -7.490624499999999898e+03
-7.489629899999999907e+03 -7.489629899999999907e+03
-7.486369599999999991e+03 -7.486369599999999991e+03
-7.490107399999999870e+03 -7.490107399999999870e+03
-7.499689000000000306e+03 -7.499689000000000306e+03
-7.505110800000000381e+03 -7.505110800000000381e+03
-7.504066399999999703e+03 -7.504066399999999703e+03
-7.503708499999999731e+03 -7.503708499999999731e+03
-7.498695800000000418e+03 -7.498695800000000418e+03
-7.492255400000000009e+03 -7.492255400000000009e+03
-7.482545900000000074e+03 -7.482545900000000074e+03
-7.474690400000000409e+03 -7.474690400000000409e+03
-7.466073699999999917e+03 -7.466073699999999917e+03
-7.456913599999999860e+03 -7.456913599999999860e+03
-7.443853000000000065e+03 -7.443853000000000065e+03
-7.428786100000000260e+03 -7.428786100000000260e+03
-7.421049299999999675e+03 -7.421049299999999675e+03
-7.417007800000000316e+03 -7.417007800000000316e+03
-7.414239300000000185e+03 -7.414239300000000185e+03
-7.410211900000000242e+03 -7.410211900000000242e+03
-7.409487799999999879e+03 -7.409487799999999879e+03
-7.409885299999999916e+03 -7.409885299999999916e+03
-7.408397500000000036e+03 -7.408397500000000036e+03
-7.411396499999999833e+03 -7.411396499999999833e+03
-7.414501500000000306e+03 -7.414501500000000306e+03
-7.415238299999999981e+03 -7.415238299999999981e+03
-7.411903299999999945e+03 -7.411903299999999945e+03
-7.410408199999999852e+03 -7.410408199999999852e+03
-7.413153800000000047e+03 -7.413153800000000047e+03
-7.422525400000000445e+03 -7.422525400000000445e+03
-7.436747599999999693e+03 -7.436747599999999693e+03
-7.450996100000000297e+03 -7.450996100000000297e+03
-7.463748999999999796e+03 -7.463748999999999796e+03
-7.475026399999999740e+03 -7.475026399999999740e+03
-7.484332000000000335e+03 -7.484332000000000335e+03
-7.491668899999999667e+03 -7.491668899999999667e+03
-7.492523400000000038e+03 -7.492523400000000038e+03
-7.490523400000000038e+03 -7.490523400000000038e+03
-7.488080600000000231e+03 -7.488080600000000231e+03
-7.485037599999999657e+03 -7.485037599999999657e+03
-7.482638700000000426e+03 -7.482638700000000426e+03
-7.479919899999999870e+03 -7.479919899999999870e+03
-7.475797899999999572e+03 -7.475797899999999572e+03
-7.469867699999999786e+03 -7.469867699999999786e+03
-7.462448199999999815e+03 -7.462448199999999815e+03
-7.449797400000000380e+03 -7.449797400000000380e+03
-7.437426300000000083e+03 -7.437426300000000083e+03
-7.427958499999999731e+03 -7.427958499999999731e+03
-7.415566899999999805e+03 -7.415566899999999805e+03
-7.406929199999999582e+03 -7.406929199999999582e+03
-7.400687500000000000e+03 -7.400687500000000000e+03
-7.395938000000000102e+03 -7.395938000000000102e+03
-7.390738800000000083e+03 -7.390738800000000083e+03
-7.385010699999999815e+03 -7.385010699999999815e+03
-7.375690899999999601e+03 -7.375690899999999601e+03
-7.364539999999999964e+03 -7.364539999999999964e+03
-7.357596700000000055e+03 -7.357596700000000055e+03
-7.351276399999999740e+03 -7.351276399999999740e+03
-7.348689500000000407e+03 -7.348689500000000407e+03
-7.351234400000000278e+03 -7.351234400000000278e+03
-7.355604500000000371e+03 -7.355604500000000371e+03
-7.362643600000000333e+03 -7.362643600000000333e+03
-7.365370100000000093e+03 -7.365370100000000093e+03
-7.365994599999999991e+03 -7.365994599999999991e+03
-7.363736799999999675e+03 -7.363736799999999675e+03
-7.359733900000000176e+03 -7.359733900000000176e+03
-7.347803200000000288e+03 -7.347803200000000288e+03
-7.335602100000000064e+03 -7.335602100000000064e+03
-7.329496100000000297e+03 -7.329496100000000297e+03
-7.328403800000000047e+03 -7.328403800000000047e+03
-7.332571299999999610e+03 -7.332571299999999610e+03
-7.337541000000000167e+03 -7.337541000000000167e+03
-7.341726099999999860e+03 -7.341726099999999860e+03
-7.352200200000000223e+03 -7.352200200000000223e+03
-7.361118699999999990e+03 -7.361118699999999990e+03
-7.364125500000000102e+03 -7.364125500000000102e+03
-7.365791500000000269e+03 -7.365791500000000269e+03
-7.371370100000000093e+03 -7.371370100000000093e+03
