-7.489784200000000055e+03 -7.489784200000000055e+03
-7.487824700000000121e+03 -7.487824700000000121e+03
-7.490624499999999898e+03 -7.490624499999999898e+03
-7.489629899999999907e+03 -7.489629899999999907e+03
-7.486369599999999991e+03 -7.486369599999999991e+03
-7.490107399999999870e+03 -7.490107399999999870e+03
-7.499689000000000306e+03 -7.499689000000000306e+03
-7.505110800000000381e+03 -7.505110800000000381e+03
-7.504066399999999703e+03 -7.504066399999999703e+03
-7.503708499999999731e+03 -7.503708499999999731e+03
-7.498695800000000418e+03 -7.498695800000000418e+03
-7.492255400000000009e+03 -7.492255400000000009e+03
-7.482545900000000074e+03 -7.482545900000000074e+03
-7.474690400000000409e+03 -7.474690400000000409e+03
-7.466073699999999917e+03 -7.466073699999999917e+03
-7.456913599999999860e+03 -7.456913599999999860e+03
-7.443853000000000065e+03 -7.443853000000000065e+03
-7.428786100000000260e+03 -7.428786100000000260e+03
-7.421049299999999675e+03 -7.421049299999999675e+03
-7.417007800000000316e+03 -7.417007800000000316e+03
